id  materials_name  M  n  sigma_y   Tg    E


1 Al35La33Gd17Ni10Co5 9083.08 5 1.05 560 62
2 Al35La30Ce20Ni15 8794.24 4 1.16 542 66
3 Al35La33Er17Co15 9861 4 0.82 586 54
4 Al40La35Y10Ni15 7710.41 4 1.31 586 71
5 (Al0.84Y0.09Ni0.05Co0.02)95Sc5 3528.81 5 1.51 560 79
6 Al88Ni9Ce2Fe1 3238.69 4 1.35 520 72
7 Au49Ag5.5Pd2.3Cu26.9Si16.3 12656.58 5 1.02 403 62
8 Au45Cu30.5Ag7.5Si17 12088.11 4 0.95 399 73.2
9 Au50Cu25.5Ag7.5Si17 12755.21 4 0.94 377 65
10 Au55Cu20.5Ag7.5Si17 13422.32 4 0.9 371 63.9
11 Au55Cu25Si20 12983.52 3 1 348 70
12 Au60Cu15.5Ag7.5Si17 14089.42 4 0.83 359 55
13 Au65Cu10.5Ag7.5Si17 14756.52 4 0.73 342 48
14 Au70Cu5.5Ag7.5Si17 15423.62 4 0.64 339 47
15 Ca47Mg19Zn7Cu27 4518.93 4 0.34 393 41
16 Ca57Mg19Cu24 4271.35 3 0.55 387 38
17 Ca65Li9.96Mg8.54Zn16.5 6450.98 4 0.53 320 23
18 Ca65Mg15Zn20 4277.45 3 0.3 378 39
19 Ca65Mg8.54Li9.96Zn16.5 6450.98 4 0.33 317 41
20 Co43Fe20Ta5.5B31.5 4986.79 4 5.19 910 268
21 Co43Fe5Cr15Mo14C15B6Er2 5516 7 5.2 844 243
22 [(Co0.6Fe0.4)0.75B0.2Si0.05]96Nb4 4868.26 5 4.17 823 210
23 [(Co0.7Fe0.3)0.75B0.2Si0.05]96Nb4 4890.49 5 4.13 820 200
24 [(Co0.8Fe0.2)0.75B0.2Si0.05]96Nb4 4912.73 5 4.1 813 200
25 [(Co0.9Fe0.1)0.75B0.2Si0.05]96Nb4 4934.96 5 3.98 803 190
26 Co41Cr15Mo14C15B15 4881.69 5 4.79 871 234
27 Co46Cr15Mo14C10B15 5116.3 5 4.65 856 234
28 Co46Cr15Mo14C15B10 5122.3 5 4.79 843 221
29 Co48Cr15Mo14C16B7 5219.74 5 4.53 825 217
30 Co50Cr15Mo14C10B11 5308.79 5 4.29 827 220
31 Co50Cr15Mo14C15B6 5314.79 5 4.42 810 210
32 Co50Cr15Mo14C18B3 5318.39 5 4.5 801 209
33 Co47Ir10Ta8B35 6518 4 5.88 929 261
34 Co54.5Ta8B37.5 5064.86 3 5.75 970 249
35 Co55Ta10B35 5429.19 3 6.02 975 262
36 Co56Ta9B35 5307.18 3 5.97 961 247
37 Co57Ta8B35 5185.16 3 5.88 951 240
38 Co58Ta7B35 5063.15 3 5.8 945 241
39 Co59Ta6B35 4941.13 3 5.72 934 253
40 Co59.5Ta8B32.5 5305.47 3 5.23 928 234
41 Co60Ta5B35 4819.12 3 5.63 930 250
42 Co60Nb8B32 4625.2 3 5.34 923 240
43 Co61Nb8B31 4673.32 3 5.29 913 239
44 Co62Nb8B30 4721.44 3 5.23 895 236
45 Co63Nb8B29 4769.56 3 5.01 888 229
46 Co64Nb8B28 4817.68 3 4.7 885 218
47 Cu42.5Zr40Ga7.5 6872.59 3 2.13 744 111
48 Cu43Zr43Al7Ag7 6907.07 4 2.02 680 92
49 Cu43Zr43Al7Be7 7340.48 4 1.82 723 104
50 Cu45Zr46Al7Ti2 7427.19 3 1.72 733 94
51 Cu45Zr48Al7 7427.19 3 1.72 733 89
52 Cu46Zr42Al7Y5 7387.92 4 1.6 672 85
53 Cu46Zr54 7849.21 2 1.4 696 84
54 (Cu0.5Zr0.5)95Al5 7486.48 3 1.82 693 90
55 Cu48Zr52 7793.86 2 1.57 676 81
56 Cu50Zr41Ti9 7348.29 3 1.89 671 97
57 Cu50Zr43Al7 7288.8 3 2.17 731 111
58 Cu50Zr44Ti6 7478.36 3 1.84 681 95
59 Cu50Hf43Al7 11041.24 3 2.2 774 113
60 Cu50Zr45Al5 7417.29 3 1.89 701 102
61 Cu50Zr50 7738.5 2 1.92 733 85
62 Cu52Zr48 7683.14 2 1.71 684 88
63 Cu52.5Zr42.5Ga5 7561.8 3 1.94 733 105
64 Cu54Zr27Ti9Be10 6415.46 4 2.5 721 129
65 Cu54Zr22Ti18Ni6 6652.18 4 2.13 712 110
66 Cu54Zr46 7627.79 2 1.75 694 89
67 Cu55.5Zr27.75Ti9.25Be7.5 6568.63 4 2.4 720 124
68 Cu55Zr30Ti10Co5 7005.09 4 2.31 714 130
69 Cu55Zr39Ti6 7339.97 3 1.63 678 84
70 Cu55Zr40Ga5 7492.61 3 2.03 736 109
71 Cu57.5Hf27.5Ti15 9280.38 3 1.94 729 103
72 Cu57.5Zr40Ga2.5 7477.16 3 1.91 723 105
73 Cu59Zr34Ti7 7185.9 3 1.51 710 79
74 Cu60Hf10Zr20Ti10 7900.81 4 1.95 754 101
75 Cu60Hf25Ti15 8993.02 3 2.16 730 111
76 Cu60Hf30Ti10 9646.13 3 2.16 725 124
77 Cu60Zr10Hf15Ti15 8120.36 4 2.14 726 110
78 Cu60Zr20Hf10Ti10 7900.81 4 2.05 754 101.1
79 Cu60Zr22Ti18 6681.29 3 2.06 721 105
80 Cu60Zr33Ti7 7158.22 3 2.16 722 95.7
81 Cu60Zr37Ti3 7331.65 3 2.09 728 107
82 Cu60Zr30Ti10 7028.15 3 2.15 713 110
83 Cu61Zr34Ti5 7217.26 3 1.79 719 92
84 Cu62Zr38 7406.36 2 1.83 732 93
85 Cu64Zr36 7351.01 2 2 787 92
86 Cu66Hf34 10262.7 2 2.1 784 108
87 [(Fe0.5Co0.5)0.75B0.2Si0.05]96Nb4 4846.02 5 4.21 820 210
88 [(Fe0.6Co0.1Ni0.3)0.75B0.2Si0.05]96Nb4 4818.61 6 4.07 792 205
89 [(Fe0.6Co0.2Ni0.2)0.75B0.2Si0.05]96Nb4 4820.33 6 4.16 800 210
90 [(Fe0.6Co0.3Ni0.1)0.75B0.2Si0.05]96Nb4 4822.06 6 4.2 813 210
91 [(Fe0.6Co0.4)0.75B0.2Si0.05]96Nb4 4823.79 5 4.25 825 210
92 [(Fe0.6Ni0.4)0.75B0.2Si0.05]96Nb4 4816.88 5 4.01 770 203
93 [(Fe0.7Co0.3)0.75B0.2Si0.05]96Nb4 4801.55 5 4.2 828 210
94 [(Fe0.8Co0.1Ni0.1)0.75B0.2Si0.05]96Nb4 4777.59 6 4.18 818 208
95 [(Fe0.8Co0.2)0.75B0.2Si0.05]96Nb4 4779.32 5 4.17 830 205
96 (Fe0.76Si0.096B0.084P0.06)99.9Cu0.1 4792.06 5 3.23 785 158
97 (Fe0.9Co0.1)64.25Mo14C15B6Er0.75 5321.51 6 4 781 193
98 (Fe0.9Co0.1)64.5Mo14C15B6Er0.5 5293.74 6 4.1 790 192
99 (Fe0.9Co0.1)64.75Mo14C15B6Er0.25 5265.96 6 3.9 782 193
100 (Fe0.9Co0.1)64.875Mo14C15B6Er0.125 5252.07 6 3.95 781 193
101 (Fe0.9Co0.1)64Mo14C15B6Er1 5349.29 6 4 776 196
102 Fe65Mo14C15B6 5218.11 4 3.8 789 195
103 Fe41Co7Cr15Mo14C15B6Y2 5248.12 7 3.5 838 179
104 Fe48Cr15Mo14C15B6Er2 5383.21 6 4.2 843 213
105 Fe48Cr15Mo14C15B6Y2 5226.5 6 3.2 839 165
106 Fe50Cr15Mo14C15B6 5160.38 5 4.17 829 217
107 Fe50Ni30P13C7 5039.79 4 2.13 640 109
108 Fe53Cr15Mo14Er1C15B6 5495.17 6 4.2 860 195
109 Fe55Ni25P13C7 5025.54 4 2.36 649 121
110 Fe59Cr6Mo14C15B6 5195.02 5 4.4 806 204
111 Fe60.5Cr4Mo14C15B6Er0.5 5258.42 6 4 803 202
112 Fe60Ni20P13C7 5011.3 4 2.51 653 128
113 Fe61Mn10Cr4Mo6Er1C15B6 5151.83 7 4.16 870 193
114 Fe62Cr3Mo10P12C10B3 5102 6 3.4 744 172
115 Fe63Cr3Mo10P12C10B2 5147.04 6 3.4 735 178
116 Fe63Cr3Mo10P12C7B5 5143.44 6 3.4 751 173
117 Fe63Cr3Mo10P12C8B4 5144.64 6 3.4 745 175
118 Fe63Cr3Mo10P12C9B3 5145.84 6 3.5 739 175
119 Fe63Mo14C15B6Er2 5440.94 5 4 777 204
120 Fe64Cr3Mo10P10C10B3 5151.75 6 3.4 729 176
121 Fe65Ni15P13C7 4997.06 4 2.67 657 136
122 Fe66Cr3Mo10P8C10B3 5201.49 6 3.4 721 177
123 Fe68Cr3Mo10P6C10B3 5251.23 6 3.5 714 180
124 Fe70Ni10P13C7 4982.82 4 2.91 661 148
125 Fe75Ni5P13C7 4968.58 4 3.01 667 153
126 Fe76Si9.6B8.4P6 4790.5 4 3.21 783 165
127 Fe80P13C7 4954.33 3 3.14 669 137.3
128 Ce70Al10Ni10Cu10 11300.33 4 0.49 359 30
129 Ce70Cu20Al10 11348.86 3 0.49 341 31
130 Dy55Al25Co20 10790.7 3 0.72 635 61
131 Er55Al25Co20 11052.45 3 1.12 663 71
132 Gd55Al25Co20 10501.95 3 0.73 585 51
133 Ho55Al25Co20 10924.37 3 0.87 649 67
134 La45Al40Ni15 8210.41 3 1.25 540 69
135 La50Al35Ni15 8770.03 3 1.11 532 63
136 La55Al25Ni20 9488.21 3 0.52 476 45
137 La55Al25Co20 9493 3 0.99 477 41
138 La55Al25Cu10Ni5Co5 9537.93 5 0.5 466 42
139 La57.5Al32.5C10 8984.07 3 1.06 577 44.8
140 La60Al30C10 9263.88 3 0.96 562 43.1
141 La62Al14Cu24 10514.99 3 0.48 401 44
142 La62Al14Cu20Ag4 10692.27 4 0.61 404 48
143 La62Al14Ag11.7Ni5Co5Cu2.3 10986.23 6 0.65 422 35
144 La62.5Al27.5C10 9543.69 3 0.95 556 42.5
145 La65Al25C10 9823.5 3 0.89 526 39.2
146 La66Al14Cu10Ni10 10767.9 4 0.56 414 47
147 La67.5Al22.5C10 10103.31 3 0.76 507 37.7
148 La68.5Ni16Al14Co1.5 10920.26 4 0.35 445 42
149 Lu39Al25Co20Y16 10099.41 4 1.89 687 99
150 Lu45Y10Al25Co20 10615.78 4 1.89 689 98
151 Nd55Al25Co20 9786.4 3 1 525 60
152 Nd60Al10Fe20Co10 10630.45 4 0.45 493 51
153 Pr55Al25Co20 9603.13 3 1.01 509 46
154 Tb55Al25Co20 10594.09 3 0.83 612 60
155 Tm39Al25Co20Y16 9864.13 4 1.96 664 77.5
156 Y55Al25Co20 6743.03 3 1.2 633 66
157 Yb62.5Zn15Mg17.5Cu5 12538.99 4 0.45 381 27
158 Hf46Nb2Cu29.25Ni9.75Al13 11178.09 5 2.53 795 117
159 Hf48Cu29.25Ni9.75Al13 11349.26 4 2.5 780 116
160 Hf49Ta2Cu27.75Ni9.25Al12 11738 5 2.49 793 115
161 Hf50Ni25Al25 11066.37 3 2.73 857 143
162 Hf51Cu27.75Ni9.25Al12 11733.08 4 2.42 773 113
163 Hf55Ni25Al20 11823.92 3 2.57 828 135
164 Hf62Ni25Al13 12884.47 3 2.29 779 112
165 Mg60Ni25Gd15 5284.39 3 0.87 453 54
166 (Mg61Cu28Gd11)97Cd3 5179.13 4 0.845 426 53
167 (Mg61Cu28Gd11)98Cd2 5116.63 4 0.85 426 53
168 (Mg61Cu28Gd11)99.5Cd0.5 5022.89 4 0.816 424 51
169 (Mg61Cu28Gd11)99Cd1 5054.14 4 0.84 425 52
170 Mg61Cu28Gd11 4991.64 3 1.08 422 52.2
171 Mg65Ni25Gd10 4619.66 3 0.88 441 55
172 Mg65Ni20Gd15 5112.44 3 0.91 456 56
173 Mg65Cu10Ag5Gd10Ni10 4914.06 5 1.01 428 72
174 Mg65Cu12.5Ag5Gd10Ni7.5 4926.19 5 0.97 428 70
175 Mg65Cu15Ag5Gd10Ni5 4938.32 5 0.9 422 68
176 Mg65Cu17.5Ag5Gd10Ni2.5 4950.46 5 0.84 421 67
177 Mg65Cu20Ag5Gd10 4962.59 4 0.82 419 65
178 Mg70Ni20Gd10 4447.72 3 0.97 453 57
179 Mg70Ni15Gd15 4940.5 3 0.96 464 57
180 Mg75Ni15Gd10 4275.78 3 0.93 463 56
181 Mg75Ni10Gd15 4768.56 3 0.88 465 55
182 Mg65Cu20Y15 4184.33 3 0.82 420 69
183 Mg65Cu25Gd10 4740.98 3 0.83 425 51
184 Mg65Cu25Tb10 4757.73 3 0.8 417 51
185 Mg65Cu25Y10 4057.53 3 0.68 419 50
186 Mg65Cu25Y5Gd5 4399.25 4 1.11 422 51
187 Mg65Cu25Y8Gd2 4194.22 4 1.03 420 52
188 Mg65Cu25Y9Gd1 4125.88 4 1.06 423 49
189 Mg65Cu7.5Ni7.5Zn5Ag5Y10 4251.97 6 0.57 422 47
190 Mg65Y10Cu15Ag5Pd5 4493.52 5 0.77 437 59
191 Mg66Zn30Ca4 3726.14 3 0.79 351 52
192 Mg70Ca5Zn25 3536.49 3 0.7 393 49
193 Mg71Zn25Ca4 3520.72 3 0.71 356 50
194 Ni39.8Cu5.97Ti15.92Zr27.86Al9.95Si0.5 6301.42 6 2.32 768 117
195 Ni40Cu5Ti16.5Zr28.5Al10 6324.97 5 2.3 763 122
196 Ni40Cu6Ti16Zr28Al10 6318.97 5 2.18 765 111
197 Ni40Ti17Zr28Al10Cu5 6303.29 5 2.3 762 134
198 Ni45Pd35P20 6985.38 3 1.74 610 90
199 Ni45Ti20Zr25Al10 6148.96 4 2.37 773 114
200 Ni49Fe29P14B6Si2 5050.15 5 2.41 694 124
201 Ni50Nb50 7579.99 2 2.26 875 132
202 Ni50Pd30P20 6746.75 3 1.8 602 92
203 Ni52.5Zr20Nb15Pd12.5 7629.73 4 2.71 861 145
204 Ni53Nb20Ti10Zr8Co6Cu3 6721.58 6 3.01 846 157
205 Ni55Pd25P20 6508.11 3 1.92 610 98
206 Ni55Zr20Nb15Pd10 7510.41 4 2.71 864 146
207 Ni57.5Zr20Nb15Pd7.5 7391.1 4 2.72 870 146
208 Ni57Nb35Fe3Sn5 7358.33 4 3.1 886 160
209 Ni59.35Nb34.45Sn6.2 7420.08 3 3.8 882 190
210 Ni59.5Nb33.6Sn6.9 7433.01 3 3.1 881 159
211 Ni59Zr16Ti13Si3Sn2Nb7 6516.79 6 3 845 156
212 Ni59Zr20Ti16Si2Sn3 6465.56 5 2.7 821 140
213 Ni59Ta41 10881.77 2 3.51 1003 181
214 Ni60Nb35Sn5 7366.88 3 3.85 885 184
215 Ni60Nb36Sn3B1 7233.18 4 3.3 882 169
216 Ni60Nb37Sn3 7315.27 3 3.7 895 186
217 Ni60Sn6(Nb0.6Ta0.4)34 8590.05 4 3.58 882 164
218 Ni60Sn6(Nb0.8Ta0.2)34 7991.37 4 3.5 875 161
219 Ni60Zr20Nb15Pd5 7271.78 4 2.75 873 148
220 Ni61Ta39 10637.27 2 3.35 1002 174
221 Ni62.5Zr20Nb15Pd2.5 7152.46 4 2.81 867 150
222 Pd40Cu30Ni10P20 7369.59 4 1.52 593 98
223 Pd40Ni40P20 7224.01 3 1.74 590 108
224 Pd60Cu20P20 8275.6 3 1.7 604 91
225 Pd64Ni16P20 8369.45 3 1.55 452 92
226 Pd77.5Cu6Si16.5 9092.24 3 1.51 646 90
227 Pd80Si20 9075.31 2 1.34 607 70
228 Pt57.5Cu14.7Ni5.3P22.5 13159.1 4 1.47 508 94.8
229 Pt60Cu16Co2P22 13520.71 4 1.1 506 96
230 Pt60Ni15P25 13359.43 3 1.4 488 96
231 Pt74.7Cu1.5Ag0.3P18B4Si1.5 15342.91 6 1.2 479 96
232 Re46.4B33.4Hf4.0Si16.2 10170.04 4 4.5 1109 227
233 Re49.7B18.4Zr7.5Si17.4Nb7.0 11276.62 5 5.83 1273 271
234 Sr60Li5Mg15Zn20 6964.28 4 0.3 331 20
235 Sr20Ca20Yb20(Li0.55Mg0.45)20Zn20 7617.66 6 0.36 319 16
236 Sr20Ca20Yb20Mg20Zn10Cu10 7790.22 6 0.43 351 43
237 Sr20Ca20Yb20Mg20Zn20 7808.66 5 0.45 353 44
238 Ti32.8Zr30.2Ni5.3Cu9Be22.7 5412.57 5 1.83 611 98
239 Ti40Zr10Cu32Pd14In4 6809.54 5 1.79 668 93
240 Ti40Zr25Cu12Ni3Be20 5314.16 5 1.78 601 94
241 Ti40Zr25Ni8Cu9Be18 5398.96 5 1.81 621 94
242 (Ti0.5Cu0.5)84Ni7Hf5Zr3Si1 6284.41 6 2.25 687 105
243 Ti45Ni15Cu25Sn3Be7Zr5 5498.4 6 2.48 680 129
244 Ti45Zr10Pd10Cu31Sn4 6575.22 5 1.97 681 95
245 Ti45Zr20Be30Cr5 4508.84 4 1.72 602 105.6
246 Ti45Zr20Be35 4293.92 3 1.86 597 96.8
247 Ti50Be40Zr10 3666.08 3 2.26 673 114
248 Ti50Cu20Ni24B1Si2Sn3 5496.02 6 2.1 726 110
249 Ti50Cu23Ni20Sn7 5859.75 4 1.3 681 70
250 Ti50Cu42Ni8 5531.83 3 2.01 657 102
251 Ti50Ni15Cu25Sn3Be7 5281.62 5 2.17 688 110
252 W46Ru37B17 12380.02 3 5.6 1149 309
253 W46Ru37B15Si2 12414.57 4 4.8 1110 244
254 W45Ru36B17Hf2 12452.09 4 5.5 1129 262
255 W30Fe38B25C7 7991.66 4 4.85 1048 235
256 W30Fe38B22C10 7995.26 4 4.88 985 234
257 W30Fe38B19C13 7998.86 4 4.91 969 235
258 W30Fe38B17C15 8001.26 4 4.91 968 235
259 Zr41.25Ti13.75Ni10Cu12.5Be22.5 6005.19 5 1.93 625 100
260 Zr41.2Ti13.8Ni10Cu12.5Be22.5 6003.03 5 2 620 104
261 Zr41Ti14Cu12.5Ni10Be22.5 5994.36 5 1.8 620 101
262 Zr45Cu39.3Ag8.7Al7 7729.76 4 1.84 711 94
263 Zr45Cu45Al10 7234.46 3 2.05 708 105
264 Zr46Cu37.6Ag8.4Al8 7707.58 4 1.82 703 92
265 Zr46Cu30.14Ag8.36Al8Be7.5 7296.8 5 2.1 705 109
266 Zr46Cu46Al8 7335.27 3 1.67 715 96
267 Zr46.75Ti8.25Cu7.5Ni10Be27.5 5970.99 5 1.83 623 100
268 Zr48Cu45Al7 7427.19 3 1.9 708 90.1
269 Zr48Nb8Cu12Fe8Be24 6547.61 5 1.6 658 84
270 Zr48Nb8Cu14Ni12Be18 6878.19 5 2.03 656 106
271 Zr52.25Cu28.5Ni4.75Al9.5Ta5 7292.81 5 1.84 684 96
272 Zr52.5Ni14.6Al10Cu17.9Ti5 8017.37 5 1.91 705 90
273 Zr55Al19Co19Cu7 7094.52 4 2.2 733 102
274 Zr55Cu30Ni5Al10 7486.98 4 1.82 685 94
275 Zr57.5Nb5Cu15.4Ni12Al10 7662.66 5 1.58 663 85
276 Zr55Ti5Cu20Ni10Al10 7384.32 5 1.63 625 85
277 Zr57Cu20Al10Ni8Ag5 7749.39 5 1.75 668 92
278 Zr57Cu20Al10Ni8Ti1Ag4 7689.39 6 1.65 668 88
279 Zr57Cu20Al10Ni8Ti2Ag3 7629.39 6 1.64 664 87
280 Zr57Cu20Al10Ni8Ti3Ag2 7569.39 6 1.71 662 91
281 Zr57Cu20Al10Ni8Ti4Ag1 7509.39 6 1.58 663 85
282 Zr57Cu20Al10Ni8Ti5 7449.39 5 1.49 661 82
283 Zr57Nb5Cu15.4Ni12.6Al10 7652.26 5 1.8 687 87
284 Zr57Ni8Cu20Al10Ti5 7449.39 5 1.95 657 102
285 Zr59Cu18Al10Ni8Ta5 8170.15 5 1.7 673 90
286 Zr60Fe5Al10Cu25 7611.13 4 1.64 655 92
287 Zr60Ni25Al15 7345.5 3 1.79 694 81
288 Zr61.88Cu18Ni10.12Al10 7652.56 4 1.73 653 80
289 Zr61Cu17.3Ni12.8Al7.9Sn1 7747.15 5 1.77 665 93
290 Zr61Ti2Cu25Al12 7572.83 4 1.63 653 82.8
291 Zr62Cu15.4Ni12.6Al10 7643.85 4 1.81 652 80
292 Zr62.5Fe5Al10Cu22.5 7680.33 4 1.58 651 88
293 Zr64.13Cu15.75Ni10.12Al10 7714.84 4 1.69 643 88
294 Zr64Cu26Al10 7760.35 3 1.69 662 87
295 Zr65Al10Ni10Cu15 7739.5 4 1.45 652 83
296 Zr70Al8Cu13.5Ni8.5 7958.29 4 1.57 625 83
